Country:
- hasCapital: 0.9519520621
- locatedIn: 0.5805167011
- type: 0.3462199033
- label: 0.5932885995
- hasAlias: 0.229720789
- subRegionOf: 0.002905725
- partOf: 0.7263264027
- hasAdjective: 0.126993584
- generatedBy: 0
