Country:
- hasCapital: 0.5730175087
- locatedIn: 0.7013353473
- type: 0.4259578651
- label: 0.5284948573
- hasAlias: 0.0532416664
- subRegionOf: 0.0164864408
- partOf: 0.3556157551
- hasAdjective: 0.3455674881
- generatedBy: 0
