Country:
- hasCapital: 0.754503102
- locatedIn: 0.2048462718
- type: 0.5504137599
- label: 0.5526845288
- hasAlias: 0.7846760866
- subRegionOf: 0.2679263633
- partOf: 0.0965288645
- hasAdjective: 0.9416178069
- generatedBy: 0
