Country:
- hasCapital: 0.1017310065
- locatedIn: 0.8067539325
- type: 0.2879947834
- label: 0.3458095249
- hasAlias: 0.6567032803
- subRegionOf: 0.3015703778
- partOf: 0.3003685372
- hasAdjective: 0.5984987263
- generatedBy: 0
