Country:
- hasCapital: 0.7829269646
- locatedIn: 0.0215379298
- type: 0.9311844539
- label: 0.4189404747
- hasAlias: 0.6302258642
- subRegionOf: 0.8599955994
- partOf: 0.3044812242
- hasAdjective: 0.70142528
- generatedBy: 0
