Country:
- hasCapital: 0.7614789624
- locatedIn: 0.3244309751
- type: 0.3039669166
- label: 0.3513710159
- hasAlias: 0.5614606533
- subRegionOf: 0.3453522241
- partOf: 0.5137023344
- hasAdjective: 0.4503431697
- generatedBy: 0
